0000000000010000
0000000000000000
0000000100000000
0000000000000000
0000000000000000
0000000000000000
0000000000000000
0000000000000000
0000000000000000
0000000000000000
0000000000000000
0000000000000000
0000000000000000
0000000000000000
0000000000000000
0000000000000000
0000010000000000
0000000000000000
0000000000000000
0000000000000000
0000000000000000
0000000000000000
0000000000000000
0000000000000000
0000100000000000
0000000000000000
0000000000000000
0000000000000000
0000110010000000
0000000000000000
0000000000000000
0000000000000000
0001000010000000
0000000000000000
0000000000000000
0000000000000000
1001110010000000
0000000000000000
0000000000000000
0000000000000000
1001110100000000
0000000000000000
0000000000000000
0000000000000000
0000110100000000
0000000000000000
0000000000000000
0000000000000000
0001000010000000
0000000000000000
0000000000000000
0000000000000000
0001010100000000
0000000000000000
0000000000000000
0000000000000000
1001100010000000
0000000000000000
0000000000000000
0000000000000000
1001100110000000
0000000000000000
0000000000000000
0000000000000000
1001100100000000
0000000000000000
0000000000000000
0000000000000000
