0000000000010000
0000000000000000
0000000100000000
0000000000000000
0000000000000000
0000000000000000
0000000000000000
0000000000000000
0000000000000000
0000000000000000
0000000000000000
0000000000000000
0000000000000000
0000000000000000
0000000000000000
0000000000000000
1001110100000000
0000000000000000
0000000000000000
0000000000000000
1001110110000000
0000000000000000
0000000000000000
0000000000000000
1001111000000000
0000000000000000
0000000000000000
0000000000000000
1100010010000000
0000000000000101
0000000000000000
0000000000000000
0000000000000000
1100010000000000
0000001000000001
0000000000000000
0000000000000000
0000000000000000
1100011100000000
0000001000000000
0000000000000000
0000000000000000
0000000000000000
1011110010000000
0000000000000000
0000000000000000
0000000000000000
1011110100000000
0000000000000000
0000000000000000
0000000000000000
1100000010000000
0000000000000000
0000000000000000
0000000000000000
1100000100000000
0000000000000000
0000000000000000
0000000000000000
1100110101100000
0000000000000000
0000000000000000
0000000000000000
1100110010000000
0000000000000000
0000000000000000
0000000000000000
1100100110000000
0000000000000000
0000000000000000
0000000000000000
1100101001100000
0000000000000000
0000000000000000
0000000000000000
