0000000000010000
0000000000000000
0000000100000000
0000000000000000
0000000000000000
0000000000000000
0000000000000000
0000000000000000
0000000000000000
0000000000000000
0000000000000000
0000000000000000
0000000000000000
0000000000000000
0000000000000000
0000000000000000
1001110010000000
0000000000000000
0000000000000000
0000000000000000
1001110100000000
0000000000000000
0000000000000000
0000000000000000
1001110110000000
0000000000000000
0000000000000000
0000000000000000
1001111000000000
0000000000000000
0000000000000000
0000000000000000
0010000111010000
0000000000000000
0000000000000000
0000000000000000
0010010011000000
0000000000000000
0000000000000000
0000000000000000
0010101011000000
0000000000000000
0000000000000000
0000000000000000
0010111101000000
0000000000000000
0000000000000000
0000000000000000
0011000100010000
0000000000000000
0000000000000000
0000000000000000
0011010100000010
0000000000000000
0000000000000000
0000000000000000
0011100100000011
0000000000000000
0000000000000000
0000000000000000
0010010100110000
0000000000000000
0000000000000000
0000000000000000
